         105
 3.2537146753665680E-0001 -2.7506972034282406E-0001  3.1556162135014520E-0001 -2.8238349659258444E-0001 -7.3137762497603731E-0003  9.8098461865115949E-0003
 3.1556162135014520E-0001 -2.8238349659258444E-0001  2.9838673455638265E-0001 -2.8601037332538470E-0001 -3.6268767328002660E-0003  1.7174886793762556E-0002
 2.9838673455638265E-0001 -2.8601037332538470E-0001  2.8243578174572392E-0001 -2.8597135851568156E-0001  3.9014809703141751E-0005  1.5950952810658725E-0002
 2.8243578174572392E-0001 -2.8597135851568156E-0001  2.6771284610076473E-0001 -2.8715830907242346E-0001 -1.1869505567418948E-0003  1.4722935644959190E-0002
 2.6771284610076473E-0001 -2.8715830907242346E-0001  2.5421792762150530E-0001 -2.8957122499561061E-0001 -2.4129159231871533E-0003  1.3494918479259432E-0002
 2.5421792762150530E-0001 -2.8957122499561061E-0001  2.3826697481084658E-0001 -2.8953221018590747E-0001  3.9014809703141751E-0005  1.5950952810658725E-0002
 2.3826697481084658E-0001 -2.8953221018590747E-0001  2.2600007349728668E-0001 -2.9317109147553988E-0001 -3.6388812896324119E-0003  1.2266901313559897E-0002
 2.2600007349728668E-0001 -2.9317109147553988E-0001  2.1127713785232771E-0001 -2.9435804203228177E-0001 -1.1869505567418948E-0003  1.4722935644958968E-0002
 2.1127713785232771E-0001 -2.9435804203228177E-0001  1.9900717415182090E-0001 -2.9432803064020230E-0001  3.0011392079476451E-0005  1.2269963700506814E-0002
 1.9900717415182090E-0001 -2.9432803064020230E-0001  1.8183126656240944E-0001 -2.9673194314576579E-0001 -2.4039125055634880E-0003  1.7175907589411454E-0002
 1.8183126656240944E-0001 -2.9673194314576579E-0001  1.6956538604449856E-0001 -3.0159378866263520E-0001 -4.8618455168694119E-0003  1.2265880517910888E-0002
 1.6956538604449856E-0001 -3.0159378866263520E-0001  1.5729542234399185E-0001 -3.0156377727055572E-0001  3.0011392079476451E-0005  1.2269963700506703E-0002
 1.5729542234399185E-0001 -3.0156377727055572E-0001  1.4134753192027993E-0001 -3.0519365514256469E-0001 -3.6298778720089686E-0003  1.5947890423711919E-0002
 1.4134753192027993E-0001 -3.0519365514256469E-0001  1.2539964149656813E-0001 -3.0882353301457299E-0001 -3.6298778720083025E-0003  1.5947890423711808E-0002
 1.2539964149656813E-0001 -3.0882353301457299E-0001  1.1190472301730869E-0001 -3.1123644893776037E-0001 -2.4129159231873754E-0003  1.3494918479259432E-0002
 1.1190472301730869E-0001 -3.1123644893776037E-0001  9.8411846129347169E-0002 -3.1609529331542174E-0001 -4.8588443776613754E-0003  1.3492876887961525E-0002
 9.8411846129347169E-0002 -3.1609529331542174E-0001  8.6141882428840466E-0002 -3.1606528192334227E-0001  3.0011392079476451E-0005  1.2269963700506703E-0002
 8.6141882428840466E-0002 -3.1606528192334227E-0001  7.6329994651030963E-0002 -3.2093312971862820E-0001 -4.8678477952859289E-0003  9.8118877778095026E-0003
 7.6329994651030963E-0002 -3.2093312971862820E-0001  6.1609100597369570E-0002 -3.2456600872984454E-0001 -3.6328790112163389E-0003  1.4720894053661393E-0002
 6.1609100597369570E-0002 -3.2456600872984454E-0001  4.6890248135006418E-0002 -3.3064481619553554E-0001 -6.0788074656910052E-0003  1.4718852462363152E-0002
 4.6890248135006418E-0002 -3.3064481619553554E-0001  2.8487344175544216E-0002 -3.3304572756189099E-0001 -2.4009113663554515E-0003  1.8402903959462202E-0002
 2.8487344175544216E-0002 -3.3304572756189099E-0001  1.3769512508829962E-0002 -3.4034749925481922E-0001 -7.3017716929282273E-0003  1.4717831666714254E-0002
 1.3769512508829962E-0002 -3.4034749925481922E-0001  2.7663562086843729E-0004 -3.4520634363248104E-0001 -4.8588443776618195E-0003  1.3492876887961525E-0002
 2.7663562086843729E-0004 -3.4520634363248104E-0001 -1.0761227731342804E-0002 -3.5129415451579593E-0001 -6.0878108833148925E-0003  1.1037863352211241E-0002
-1.0761227731342804E-0002 -3.5129415451579593E-0001 -2.1802153470500962E-0002 -3.5371307271739894E-0001 -2.4189182016030042E-0003  1.1040925739158158E-0002
-2.1802153470500962E-0002 -3.5371307271739894E-0001 -3.5295030358462487E-0002 -3.5857191709506075E-0001 -4.8588443776618195E-0003  1.3492876887961525E-0002
-3.5295030358462487E-0002 -3.5857191709506075E-0001 -5.0013882820825861E-0002 -3.6465072456075176E-0001 -6.0788074656910052E-0003  1.4718852462363374E-0002
-5.0013882820825861E-0002 -3.6465072456075176E-0001 -6.3503697321840469E-0002 -3.7317846162012525E-0001 -8.5277370593734858E-0003  1.3489814501014608E-0002
-6.3503697321840469E-0002 -3.7317846162012525E-0001 -7.4542581469700608E-0002 -3.7804330827620292E-0001 -4.8648466560776704E-0003  1.1038884147860140E-0002
-7.4542581469700608E-0002 -3.7804330827620292E-0001 -8.6808461987611607E-0002 -3.8290515379307277E-0001 -4.8618455168698560E-0003  1.2265880517910999E-0002
-8.6808461987611607E-0002 -3.8290515379307277E-0001 -9.9074342505522495E-0002 -3.8776699930994218E-0001 -4.8618455168694119E-0003  1.2265880517910888E-0002
-9.9074342505522495E-0002 -3.8776699930994218E-0001 -1.1501814974663849E-0001 -3.9628873409089982E-0001 -8.5217347809576349E-0003  1.5943807241115993E-0002
-1.1501814974663849E-0001 -3.9628873409089982E-0001 -1.2973598141335274E-0001 -4.0359050578382827E-0001 -7.3017716929284493E-0003  1.4717831666714254E-0002
-1.2973598141335274E-0001 -4.0359050578382827E-0001 -1.3954582759986434E-0001 -4.1090428203358842E-0001 -7.3137762497601511E-0003  9.8098461865115949E-0003
-1.3954582759986434E-0001 -4.1090428203358842E-0001 -1.5180966652647732E-0001 -4.1821205600493272E-0001 -7.3077739713443002E-0003  1.2263838926612980E-0002
-1.5180966652647732E-0001 -4.1821205600493272E-0001 -1.6407146386179239E-0001 -4.2796575843075146E-0001 -9.7537024258187444E-0003  1.2261797335315072E-0002
-1.6407146386179239E-0001 -4.2796575843075146E-0001 -1.8001425030725948E-0001 -4.3771045743894610E-0001 -9.7446990081946350E-0003  1.5942786445467094E-0002
-1.8001425030725948E-0001 -4.3771045743894610E-0001 -1.9350304401262508E-0001 -4.4746115872555725E-0001 -9.7507012866111520E-0003  1.3488793705365598E-0002
-1.9350304401262508E-0001 -4.4746115872555725E-0001 -2.0453886577353841E-0001 -4.5599489806334659E-0001 -8.5337393377893367E-0003  1.1035821760913334E-0002
-2.0453886577353841E-0001 -4.5599489806334659E-0001 -2.1557468753445175E-0001 -4.6452863740113592E-0001 -8.5337393377893367E-0003  1.1035821760913334E-0002
-2.1557468753445175E-0001 -4.6452863740113592E-0001 -2.2661050929536508E-0001 -4.7306237673892548E-0001 -8.5337393377895587E-0003  1.1035821760913334E-0002
-2.2661050929536508E-0001 -4.7306237673892548E-0001 -2.4010032379637969E-0001 -4.8159011379829919E-0001 -8.5277370593737079E-0003  1.3489814501014608E-0002
-2.4010032379637969E-0001 -4.8159011379829919E-0001 -2.5358707591044749E-0001 -4.9378674353938434E-0001 -1.2196629741085152E-0002  1.3486752114067802E-0002
-2.5358707591044749E-0001 -4.9378674353938434E-0001 -2.6707689041146221E-0001 -5.0231448059875805E-0001 -8.5277370593737079E-0003  1.3489814501014719E-0002
-2.6707689041146221E-0001 -5.0231448059875805E-0001 -2.7565871943227427E-0001 -5.1085422221496346E-0001 -8.5397416162054096E-0003  8.5818290208120596E-0003
-2.7565871943227427E-0001 -5.1085422221496346E-0001 -2.8423952765743721E-0001 -5.2061692805840609E-0001 -9.7627058434426317E-0003  8.5808082251629392E-0003
-2.8423952765743721E-0001 -5.2061692805840609E-0001 -2.9772934215845193E-0001 -5.2914466511777936E-0001 -8.5277370593732638E-0003  1.3489814501014719E-0002
-2.9772934215845193E-0001 -5.2914466511777936E-0001 -3.0508519560486214E-0001 -5.3646444364595558E-0001 -7.3197785281762240E-0003  7.3558534464102099E-0003
-3.0508519560486214E-0001 -5.3646444364595558E-0001 -3.1734393055323018E-0001 -5.4988703875348621E-0001 -1.3422595107530633E-0002  1.2258734948368044E-0002
-3.1734393055323018E-0001 -5.4988703875348621E-0001 -3.2715173514844387E-0001 -5.5964674345772059E-0001 -9.7597047042343732E-0003  9.8078045952136872E-0003
-3.2715173514844387E-0001 -5.5964674345772059E-0001 -3.3450452620790727E-0001 -5.7063541466760870E-0001 -1.0988671209888112E-0002  7.3527910594634038E-0003
-3.3450452620790727E-0001 -5.7063541466760870E-0001 -3.4554034796882083E-0001 -5.7916915400539803E-0001 -8.5337393377893367E-0003  1.1035821760913556E-0002
-3.4554034796882083E-0001 -5.7916915400539803E-0001 -3.5536142290747075E-0001 -5.7303032375554830E-0001  6.1388302498497360E-0003  9.8210749386499208E-0003
-3.5536142290747075E-0001 -5.7303032375554830E-0001 -3.5169064175380849E-0001 -5.6080968490079908E-0001  1.2220638854749222E-0002 -3.6707811536622614E-0003
-3.5169064175380849E-0001 -5.6080968490079908E-0001 -3.4556280547309792E-0001 -5.5226394100617782E-0001  8.5457438946212605E-0003 -6.1278362807105635E-0003
-3.4556280547309792E-0001 -5.5226394100617782E-0001 -3.3943598998803626E-0001 -5.4249523288431933E-0001  9.7687081218584826E-0003 -6.1268154850616652E-0003
-3.3943598998803626E-0001 -5.4249523288431933E-0001 -3.3208626131551977E-0001 -5.2783766899271978E-0001  1.4657563891599557E-0002 -7.3497286725164868E-0003
-3.3208626131551977E-0001 -5.2783766899271978E-0001 -3.2350647388600562E-0001 -5.1685199892203992E-0001  1.0985670070679854E-0002 -8.5797874295141519E-0003
-3.2350647388600562E-0001 -5.1685199892203992E-0001 -3.1492770725214059E-0001 -5.0464336462412285E-0001  1.2208634297917076E-0002 -8.5787666338650315E-0003
-3.1492770725214059E-0001 -5.0464336462412285E-0001 -3.0389290628687604E-0001 -4.9488666105909584E-0001  9.7567035650270029E-0003 -1.1034800965264546E-0002
-3.0389290628687604E-0001 -4.9488666105909584E-0001 -2.9408918487425828E-0001 -4.8023509944591236E-0001  1.4651561613183484E-0002 -9.8037214126177608E-0003
-2.9408918487425828E-0001 -4.8023509944591236E-0001 -2.8550837664909523E-0001 -4.7047239360246951E-0001  9.7627058434428537E-0003 -8.5808082251630502E-0003
-2.8550837664909523E-0001 -4.7047239360246951E-0001 -2.7570363444082857E-0001 -4.5704379621652325E-0001  1.3428597385946262E-0002 -9.8047422082666591E-0003
-2.7570363444082857E-0001 -4.5704379621652325E-0001 -2.6712384701131442E-0001 -4.4605812614584317E-0001  1.0985670070680076E-0002 -8.5797874295141519E-0003
-2.6712384701131442E-0001 -4.4605812614584317E-0001 -2.5854099719485346E-0001 -4.3874134875687520E-0001  7.3167773889679655E-0003 -8.5828498164609579E-0003
-2.5854099719485346E-0001 -4.3874134875687520E-0001 -2.4628124145083630E-0001 -4.2654171787658202E-0001  1.2199630880293189E-0002 -1.2259755744017165E-0002
-2.4628124145083630E-0001 -4.2654171787658202E-0001 -2.3279653092806640E-0001 -4.1189915968102198E-0001  1.4642558195560040E-0002 -1.3484710522769894E-0002
-2.3279653092806640E-0001 -4.1189915968102198E-0001 -2.2421572270290346E-0001 -4.0213645383757912E-0001  9.7627058434428537E-0003 -8.5808082251629392E-0003
-2.2421572270290346E-0001 -4.0213645383757912E-0001 -2.0827497784873428E-0001 -3.8994582637490982E-0001  1.2190627462669301E-0002 -1.5940744854169187E-0002
-2.0827497784873428E-0001 -3.8994582637490982E-0001 -1.9355918777331793E-0001 -3.8019812622750693E-0001  9.7477001474028935E-0003 -1.4715790075416346E-0002
-1.9355918777331793E-0001 -3.8019812622750693E-0001 -1.8374934158680634E-0001 -3.7288434997774678E-0001  7.3137762497601511E-0003 -9.8098461865115949E-0003
-1.8374934158680634E-0001 -3.7288434997774678E-0001 -1.7639246734474712E-0001 -3.6678753567680800E-0001  6.0968143009387799E-0003 -7.3568742420592192E-0003
-1.7639246734474712E-0001 -3.6678753567680800E-0001 -1.6535358319688687E-0001 -3.6192268902073033E-0001  4.8648466560776704E-0003 -1.1038884147860251E-0002
-1.6535358319688687E-0001 -3.6192268902073033E-0001 -1.5554475780602417E-0001 -3.5338594854373295E-0001  8.5367404769973732E-0003 -9.8088253908626966E-0003
-1.5554475780602417E-0001 -3.5338594854373295E-0001 -1.4450893604511095E-0001 -3.4485220920594362E-0001  8.5337393377893367E-0003 -1.1035821760913223E-0002
-1.4450893604511095E-0001 -3.4485220920594362E-0001 -1.2856512880399484E-0001 -3.3633047442498598E-0001  8.5217347809576349E-0003 -1.5943807241116104E-0002
-1.2856512880399484E-0001 -3.3633047442498598E-0001 -1.1262132156287885E-0001 -3.2780873964402835E-0001  8.5217347809576349E-0003 -1.5943807241115993E-0002
-1.1262132156287885E-0001 -3.2780873964402835E-0001 -1.0158447900631651E-0001 -3.2049796453347623E-0001  7.3107751105521146E-0003 -1.1036842556562343E-0002
-1.0158447900631651E-0001 -3.2049796453347623E-0001 -8.4412654599500980E-0002 -3.1320219511896363E-0001  7.2957694145125984E-0003 -1.7171824406815528E-0002
-8.4412654599500980E-0002 -3.1320219511896363E-0001 -6.9693802137137717E-0002 -3.0712338765327241E-0001  6.0788074656912272E-0003 -1.4718852462363263E-0002
-6.9693802137137717E-0002 -3.0712338765327241E-0001 -5.6203987636123109E-0002 -2.9859565059389892E-0001  8.5277370593734858E-0003 -1.3489814501014608E-0002
-5.6203987636123109E-0002 -2.9859565059389892E-0001 -4.1485135173759735E-0002 -2.9251684312820792E-0001  6.0788074656910052E-0003 -1.4718852462363374E-0002
-4.1485135173759735E-0002 -2.9251684312820792E-0001 -2.6763220324449555E-0002 -2.9010692834422880E-0001  2.4099147839791168E-0003 -1.4721914849310180E-0002
-2.6763220324449555E-0002 -2.9010692834422880E-0001 -1.2047430249033209E-0002 -2.8035922819682568E-0001  9.7477001474031155E-0003 -1.4715790075416346E-0002
-1.2047430249033209E-0002 -2.8035922819682568E-0001  6.3554737104289938E-0003 -2.7795831683047045E-0001  2.4009113663552295E-0003 -1.8402903959462202E-0002
 6.3554737104289938E-0003 -2.7795831683047045E-0001  2.3529339708542429E-0002 -2.7310847587043252E-0001  4.8498409600379322E-0003 -1.7173865998113436E-0002
 2.3529339708542429E-0002 -2.7310847587043252E-0001  4.3156177651108463E-0002 -2.6704167296157344E-0001  6.0668029088590814E-0003 -1.9626837942566033E-0002
 4.3156177651108463E-0002 -2.6704167296157344E-0001  6.0333106036168926E-0002 -2.6586072468324717E-0001  1.1809482783262659E-0003 -1.7176928385060464E-0002
 6.0333106036168926E-0002 -2.6586072468324717E-0001  7.2598986554079814E-0002 -2.6099887916637776E-0001  4.8618455168694119E-0003 -1.2265880517910888E-0002
 7.2598986554079814E-0002 -2.6099887916637776E-0001  8.9775914939140167E-0002 -2.5981793088805150E-0001  1.1809482783262659E-0003 -1.7176928385060353E-0002
 8.9775914939140167E-0002 -2.5981793088805150E-0001  1.0817983969425127E-0001 -2.5863998374893349E-0001  1.1779471391180074E-0003 -1.8403924755111101E-0002
 1.0817983969425127E-0001 -2.5863998374893349E-0001  1.2535166410106702E-0001 -2.5134421433442089E-0001  7.2957694145125984E-0003 -1.7171824406815750E-0002
 1.2535166410106702E-0001 -2.5134421433442089E-0001  1.4130363770737464E-0001 -2.5260619337136170E-0001 -1.2619790369408079E-0003 -1.5951973606307623E-0002
 1.4130363770737464E-0001 -2.5260619337136170E-0001  1.5848158688808400E-0001 -2.5264820932027288E-0001 -4.2015948911178214E-0005 -1.7177949180709362E-0002
 1.5848158688808400E-0001 -2.5264820932027288E-0001  1.7197752616299256E-0001 -2.5145825762432272E-0001  1.1899516959501533E-0003 -1.3495939274908553E-0002
 1.7197752616299256E-0001 -2.5145825762432272E-0001  1.8670148260360064E-0001 -2.5149427129481805E-0001 -3.6013670495327332E-0005 -1.4723956440608088E-0002
 1.8670148260360064E-0001 -2.5149427129481805E-0001  1.9897042550845834E-0001 -2.5030131845966030E-0001  1.1929528351577456E-0003 -1.2268942904857694E-0002
 1.9897042550845834E-0001 -2.5030131845966030E-0001  2.1737537105921845E-0001 -2.5034633554777952E-0001 -4.5017088119214677E-0005 -1.8404945550760110E-0002
 2.1737537105921845E-0001 -2.5034633554777952E-0001  2.3087233112977579E-0001 -2.5037934807906681E-0001 -3.3012531287290869E-0005 -1.3496960070557340E-0002
 2.3087233112977579E-0001 -2.5037934807906681E-0001  2.4927727668053590E-0001 -2.5042436516718602E-0001 -4.5017088119214677E-0005 -1.8404945550760110E-0002
 2.4927727668053590E-0001 -2.5042436516718602E-0001  2.6645420506559636E-0001 -2.4924341688885998E-0001  1.1809482783260439E-0003 -1.7176928385060464E-0002
 2.6645420506559636E-0001 -2.4924341688885998E-0001  2.8117918230185335E-0001 -2.5050239478659253E-0001 -1.2589778977325494E-0003 -1.4724977236256986E-0002
 2.8117918230185335E-0001 -2.5050239478659253E-0001  2.9467920475935760E-0001 -2.5420429999959193E-0001 -3.7019052129994012E-0003 -1.3500022457504257E-0002
 2.9467920475935760E-0001 -2.5420429999959193E-0001  3.1799826056421421E-0001 -2.6159910700796662E-0001 -7.3948070083746931E-0003 -2.3319055804856603E-0002
 3.1799826056421421E-0001 -2.6159910700796662E-0001  3.2537146753665680E-0001 -2.7506972034282406E-0001 -1.3470613334857440E-0002 -7.3732069724425919E-0003
          52
-4.7887565484040717E-0002  2.7914790103998444E-0002 -6.2605397150755082E-0002  2.0613018411070105E-0002 -7.3017716929283383E-0003  1.4717831666714365E-0002
-6.2605397150755082E-0002  2.0613018411070105E-0002 -7.6094190856120791E-0002  1.0862317124459286E-0002 -9.7507012866108189E-0003  1.3488793705365709E-0002
-7.6094190856120791E-0002  1.0862317124459286E-0002 -9.0812022522835156E-0002  3.5605454315309482E-0003 -7.3017716929283383E-0003  1.4717831666714365E-0002
-9.0812022522835156E-0002  3.5605454315309482E-0003 -1.0430489941079668E-0001 -1.2982989461307604E-0003 -4.8588443776617085E-0003  1.3492876887961525E-0002
-1.0430489941079668E-0001 -1.2982989461307604E-0003 -1.1656669674611164E-0001 -1.1052001371949505E-0002 -9.7537024258187444E-0003  1.2261797335314961E-0002
-1.1656669674611164E-0001 -1.1052001371949505E-0002 -1.2760353930267399E-0001 -1.8362776482501619E-0002 -7.3107751105521146E-0003  1.1036842556562343E-0002
-1.2760353930267399E-0001 -1.8362776482501619E-0002 -1.3986737822928696E-0001 -2.5670550453845808E-0002 -7.3077739713441892E-0003  1.2263838926612980E-0002
-1.3986737822928696E-0001 -2.5670550453845808E-0002 -1.5336025511724849E-0001 -3.0529394831507628E-0002 -4.8588443776618195E-0003  1.3492876887961525E-0002
-1.5336025511724849E-0001 -3.0529394831507628E-0002 -1.6439607687816182E-0001 -3.9063134169297076E-0002 -8.5337393377894477E-0003  1.1035821760913334E-0002
-1.6439607687816182E-0001 -3.9063134169297076E-0002 -1.7297892669462278E-0001 -4.6379911558265152E-0002 -7.3167773889680765E-0003  8.5828498164609579E-0003
-1.7297892669462278E-0001 -4.6379911558265152E-0002 -1.8401883163813193E-0001 -5.0021793987105490E-0002 -3.6418824288403373E-0003  1.1039904943509149E-0002
-1.8401883163813193E-0001 -5.0021793987105490E-0002 -1.9382867782464352E-0001 -5.7335570236865641E-0002 -7.3137762497601511E-0003  9.8098461865115949E-0003
-1.9382867782464352E-0001 -5.7335570236865641E-0002 -2.0363852401115523E-0001 -6.4649346486625570E-0002 -7.3137762497599290E-0003  9.8098461865117059E-0003
-2.0363852401115523E-0001 -6.4649346486625570E-0002 -2.1712935930781874E-0001 -7.1954119318761944E-0002 -7.3047728321363747E-0003  1.3490835296663506E-0002
-2.1712935930781874E-0001 -7.1954119318761944E-0002 -2.3061815301318456E-0001 -8.1704820605372874E-0002 -9.7507012866109299E-0003  1.3488793705365820E-0002
-2.3061815301318456E-0001 -8.1704820605372874E-0002 -2.3919691964704959E-0001 -9.3913454903289950E-0002 -1.2208634297917076E-0002  8.5787666338650315E-0003
-2.3919691964704959E-0001 -9.3913454903289950E-0002 -2.5146075857366257E-0001 -1.0122122887463414E-0001 -7.3077739713441892E-0003  1.2263838926612980E-0002
-2.5146075857366257E-0001 -1.0122122887463414E-0001 -2.6126856316887626E-0001 -1.1098093357886885E-0001 -9.7597047042347063E-0003  9.8078045952136872E-0003
-2.6126856316887626E-0001 -1.1098093357886885E-0001 -2.7230234333849168E-0001 -1.2196060137113296E-0001 -1.0979667792264114E-0002  1.1033780169615426E-0002
-2.7230234333849168E-0001 -1.2196060137113296E-0001 -2.8456414067380675E-0001 -1.3171430379695159E-0001 -9.7537024258186333E-0003  1.2261797335315072E-0002
-2.8456414067380675E-0001 -1.3171430379695159E-0001 -2.9682491721347282E-0001 -1.4269097045000778E-0001 -1.0976666653056188E-0002  1.2260776539666063E-0002
-2.9682491721347282E-0001 -1.4269097045000778E-0001 -3.0663272180868650E-0001 -1.5245067515424238E-0001 -9.7597047042345952E-0003  9.8078045952136872E-0003
-3.0663272180868650E-0001 -1.5245067515424238E-0001 -3.1766854356959962E-0001 -1.6098441449203194E-0001 -8.5337393377895587E-0003  1.1035821760913112E-0002
-3.1766854356959962E-0001 -1.6098441449203194E-0001 -3.2747226498221760E-0001 -1.7563597610521564E-0001 -1.4651561613183706E-0002  9.8037214126179828E-0003
-3.2747226498221760E-0001 -1.7563597610521564E-0001 -3.3973712470447970E-0001 -1.8172078584932261E-0001 -6.0848097441069671E-0003  1.2264859722262100E-0002
-3.3973712470447970E-0001 -1.8172078584932261E-0001 -3.4954288770839526E-0001 -1.9392641900803165E-0001 -1.2205633158709039E-0002  9.8057630039155574E-0003
-3.4954288770839526E-0001 -1.9392641900803165E-0001 -3.5813084150310104E-0001 -1.9512837526081339E-0001 -1.2019562527817440E-0003  8.5879537947057827E-0003
-3.5813084150310104E-0001 -1.9512837526081339E-0001 -3.5568807751513820E-0001 -1.8168177103961924E-0001  1.3446604221194147E-0002 -2.4427639879628371E-0003
-3.5568807751513820E-0001 -1.8168177103961924E-0001 -3.4833732804697271E-0001 -1.6824717137525691E-0001  1.3434599664362334E-0002 -7.3507494681654961E-0003
-3.4833732804697271E-0001 -1.6824717137525691E-0001 -3.3852850265611023E-0001 -1.5971043089825954E-0001  8.5367404769973732E-0003 -9.8088253908624745E-0003
-3.3852850265611023E-0001 -1.5971043089825954E-0001 -3.2994973602224520E-0001 -1.4750179660034224E-0001  1.2208634297917298E-0002 -8.5787666338650315E-0003
-3.2994973602224520E-0001 -1.4750179660034224E-0001 -3.1646298390817729E-0001 -1.3530516685925698E-0001  1.2196629741085263E-0002 -1.3486752114067913E-0002
-3.1646298390817729E-0001 -1.3530516685925698E-0001 -3.0788727966125895E-0001 -1.1942763987962790E-0001  1.5877526979629075E-0002 -8.5757042469183364E-0003
-3.0788727966125895E-0001 -1.1942763987962790E-0001 -2.9562650312159300E-0001 -1.0845097322657182E-0001  1.0976666653056077E-0002 -1.2260776539665952E-0002
-2.9562650312159300E-0001 -1.0845097322657182E-0001 -2.8459476454327559E-0001 -9.5025376979833265E-0002  1.3425596246738558E-0002 -1.1031738578317407E-0002
-2.8459476454327559E-0001 -9.5025376979833265E-0002 -2.7110597083790977E-0001 -8.5274675693222446E-0002  9.7507012866108189E-0003 -1.3488793705365820E-0002
-2.7110597083790977E-0001 -8.5274675693222446E-0002 -2.5884417350259481E-0001 -7.5520973267403813E-0002  9.7537024258186333E-0003 -1.2261797335314961E-0002
-2.5884417350259481E-0001 -7.5520973267403813E-0002 -2.4535844218417602E-0001 -6.2101379299080994E-0002  1.3419593968322818E-0002 -1.3485731318418792E-0002
-2.4535844218417602E-0001 -6.2101379299080994E-0002 -2.3187271086575711E-0001 -4.8681785330758398E-0002  1.3419593968322596E-0002 -1.3485731318418903E-0002
-2.3187271086575711E-0001 -4.8681785330758398E-0002 -2.1960683034784612E-0001 -4.3819939813888653E-0002  4.8618455168697450E-0003 -1.2265880517910999E-0002
-2.1960683034784612E-0001 -4.3819939813888653E-0002 -2.0489001947678087E-0001 -3.5295203893723093E-0002  8.5247359201655604E-0003 -1.4716810871065245E-0002
-2.0489001947678087E-0001 -3.5295203893723093E-0002 -1.9140122577141527E-0001 -2.5544502607112163E-0002  9.7507012866109299E-0003 -1.3488793705365598E-0002
-1.9140122577141527E-0001 -2.5544502607112163E-0002 -1.7545946012159708E-0001 -1.4576839371679973E-0002  1.0967663235432190E-0002 -1.5941765649818196E-0002
-1.7545946012159708E-0001 -1.4576839371679973E-0002 -1.6074162845488282E-0001 -7.2750676787516344E-0003  7.3017716929283383E-0003 -1.4717831666714254E-0002
-1.6074162845488282E-0001 -7.2750676787516344E-0003 -1.4602277599251956E-0001 -1.1962602130606292E-0003  6.0788074656910052E-0003 -1.4718852462363263E-0002
-1.4602277599251956E-0001 -1.1962602130606292E-0003 -1.3866692254610924E-0001  6.1235183151153727E-0003  7.3197785281760019E-0003 -7.3558534464103209E-0003
-1.3866692254610924E-0001  6.1235183151153727E-0003 -1.2272107371369534E-0001  1.2199324641598452E-0002  6.0758063264830797E-0003 -1.5945848832413900E-0002
-1.2272107371369534E-0001  1.2199324641598452E-0002 -1.0800222125133208E-0001  1.8278132107289458E-0002  6.0788074656910052E-0003 -1.4718852462363263E-0002
-1.0800222125133208E-0001  1.8278132107289458E-0002 -9.8190333473522462E-0002  2.3145979902575164E-0002  4.8678477952857069E-0003 -9.8118877778096136E-0003
-9.8190333473522462E-0002  2.3145979902575164E-0002 -7.4884548012102425E-0002  3.1649707848285136E-0002  8.5037279457099713E-0003 -2.3305785461420037E-0002
-7.4884548012102425E-0002  3.1649707848285136E-0002 -6.1391671124140901E-0002  3.6508552225946844E-0002  4.8588443776617085E-0003 -1.3492876887961525E-0002
-6.1391671124140901E-0002  3.6508552225946844E-0002 -4.7887565484040717E-0002  2.7914790103998444E-0002 -8.5937621219484006E-0003 -1.3504105640100184E-0002
          95
 3.2228253990290190E-0001  4.8562003127717834E-0001  3.1001972177193793E-0001  4.7708929307859682E-0001 -8.5307381985815223E-0003  1.2262818130963971E-0002
 3.1001972177193793E-0001  4.7708929307859682E-0001  2.9529576533132995E-0001  4.7712530674909237E-0001  3.6013670495549377E-0005  1.4723956440607977E-0002
 2.9529576533132995E-0001  4.7712530674909237E-0001  2.7934583331632012E-0001  4.7594135733155829E-0001 -1.1839494175340803E-0003  1.5949932015009827E-0002
 2.7934583331632012E-0001  4.7594135733155829E-0001  2.6094088776556001E-0001  4.7598637441967728E-0001  4.5017088118992632E-0005  1.8404945550760110E-0002
 2.6094088776556001E-0001  4.7598637441967728E-0001  2.4376395938049966E-0001  4.7480542614135146E-0001 -1.1809482783258218E-0003  1.7176928385060353E-0002
 2.4376395938049966E-0001  4.7480542614135146E-0001  2.2781402736548984E-0001  4.7362147672381738E-0001 -1.1839494175340803E-0003  1.5949932015009827E-0002
 2.2781402736548984E-0001  4.7362147672381738E-0001  2.1309415410747756E-0001  4.6876563348536360E-0001 -4.8558432384537831E-0003  1.4719873258012273E-0002
 2.1309415410747756E-0001  4.6876563348536360E-0001  1.9714422209246774E-0001  4.6758168406782952E-0001 -1.1839494175340803E-0003  1.5949932015009827E-0002
 1.9714422209246774E-0001  4.6758168406782952E-0001  1.8733029272336044E-0001  4.6515976472701848E-0001 -2.4219193408110407E-0003  9.8139293691072993E-0003
 1.8733029272336044E-0001  4.6515976472701848E-0001  1.7138138150399951E-0001  4.6275285108224740E-0001 -2.4069136447710804E-0003  1.5948911219360928E-0002
 1.7138138150399951E-0001  4.6275285108224740E-0001  1.5420547391458794E-0001  4.6034893857668391E-0001 -2.4039125055634880E-0003  1.7175907589411565E-0002
 1.5420547391458794E-0001  4.6034893857668391E-0001  1.4316352737978089E-0001  4.5915298460231813E-0001 -1.1959539743657821E-0003  1.1041946534807057E-0002
 1.4316352737978089E-0001  4.5915298460231813E-0001  1.3089458447492319E-0001  4.5796003176716038E-0001 -1.1929528351577456E-0003  1.2268942904857694E-0002
 1.3089458447492319E-0001  4.5796003176716038E-0001  1.1494771484686028E-0001  4.5310718966791441E-0001 -4.8528420992459687E-0003  1.5946869628062910E-0002
 1.1494771484686028E-0001  4.5310718966791441E-0001  1.0268183432894940E-0001  4.4824534415104478E-0001 -4.8618455168696340E-0003  1.2265880517910888E-0002
 1.0268183432894940E-0001  4.4824534415104478E-0001  9.0412891424091590E-0002  4.4705239131588703E-0001 -1.1929528351577456E-0003  1.2268942904857805E-0002
 9.0412891424091590E-0002  4.4705239131588703E-0001  7.8143948519233897E-0002  4.4585943848072906E-0001 -1.1929528351579677E-0003  1.2268942904857694E-0002
 7.8143948519233897E-0002  4.4585943848072906E-0001  6.3424075261221624E-0002  4.4100359524227528E-0001 -4.8558432384537831E-0003  1.4719873258012273E-0002
 6.3424075261221624E-0002  4.4100359524227528E-0001  4.9929156781962192E-0002  4.3859067931908813E-0001 -2.4129159231871533E-0003  1.3494918479259432E-0002
 4.9929156781962192E-0002  4.3859067931908813E-0001  4.0117269004152689E-0002  4.3372283152380264E-0001 -4.8678477952854848E-0003  9.8118877778095026E-0003
 4.0117269004152689E-0002  4.3372283152380264E-0001  2.7850367690592792E-0002  4.3008395023417023E-0001 -3.6388812896324119E-0003  1.2266901313559897E-0002
 2.7850367690592792E-0002  4.3008395023417023E-0001  1.0676501692479246E-0002  4.2523410927413252E-0001 -4.8498409600377101E-0003  1.7173865998113547E-0002
 1.0676501692479246E-0002  4.2523410927413252E-0001 -4.0423507698840178E-0003  4.1915530180844129E-0001 -6.0788074656912272E-0003  1.4718852462363263E-0002
-4.0423507698840178E-0003  4.1915530180844129E-0001 -1.7533186066547524E-0002  4.1185052897630503E-0001 -7.3047728321362637E-0003  1.3490835296663506E-0002
-1.7533186066547524E-0002  4.1185052897630503E-0001 -2.9799066584458522E-0002  4.0698868345943540E-0001 -4.8618455168696340E-0003  1.2265880517910999E-0002
-2.9799066584458522E-0002  4.0698868345943540E-0001 -4.4522002229417601E-0002  4.0580173290269350E-0001 -1.1869505567418948E-0003  1.4722935644959079E-0002
-4.4522002229417601E-0002  4.0580173290269350E-0001 -5.8010795934783310E-0002  3.9605103161608257E-0001 -9.7507012866109299E-0003  1.3488793705365709E-0002
-5.8010795934783310E-0002  3.9605103161608257E-0001 -7.5182620341598949E-0002  3.8875526220157020E-0001 -7.2957694145123764E-0003  1.7171824406815639E-0002
-7.5182620341598949E-0002  3.8875526220157020E-0001 -8.7445438472563031E-0002  3.8022452400298867E-0001 -8.5307381985815223E-0003  1.2262818130964082E-0002
-8.7445438472563031E-0002  3.8022452400298867E-0001 -1.0093729456487555E-0001  3.7414271539808963E-0001 -6.0818086048990416E-0003  1.3491856092312515E-0002
-1.0093729456487555E-0001  3.7414271539808963E-0001 -1.1442915065718817E-0001  3.6806090679319059E-0001 -6.0818086048990416E-0003  1.3491856092312626E-0002
-1.1442915065718817E-0001  3.6806090679319059E-0001 -1.2669196878815214E-0001  3.5953016859460929E-0001 -8.5307381985813002E-0003  1.2262818130963971E-0002
-1.2669196878815214E-0001  3.5953016859460929E-0001 -1.4140980045486651E-0001  3.5222839690168084E-0001 -7.3017716929284493E-0003  1.4717831666714365E-0002
-1.4140980045486651E-0001  3.5222839690168084E-0001 -1.5367261858583048E-0001  3.4369765870309932E-0001 -8.5307381985815223E-0003  1.2262818130963971E-0002
-1.5367261858583048E-0001  3.4369765870309932E-0001 -1.6716345388249410E-0001  3.3639288587096305E-0001 -7.3047728321362637E-0003  1.3490835296663617E-0002
-1.6716345388249410E-0001  3.3639288587096305E-0001 -1.8065122679221091E-0001  3.2541922035711490E-0001 -1.0973665513848152E-0002  1.3487772909716811E-0002
-1.8065122679221091E-0001  3.2541922035711490E-0001 -1.9659503403332690E-0001  3.1689748557615727E-0001 -8.5217347809576349E-0003  1.5943807241115993E-0002
-1.9659503403332690E-0001  3.1689748557615727E-0001 -2.0885581057299296E-0001  3.0592081892310130E-0001 -1.0976666653055966E-0002  1.2260776539666063E-0002
-2.0885581057299296E-0001  3.0592081892310130E-0001 -2.1866667755515357E-0001  2.9983000690057837E-0001 -6.0908120225229290E-0003  9.8108669821606043E-0003
-2.1866667755515357E-0001  2.9983000690057837E-0001 -2.3215649205616817E-0001  2.9130226984120489E-0001 -8.5277370593734858E-0003  1.3489814501014608E-0002
-2.3215649205616817E-0001  2.9130226984120489E-0001 -2.4441726859583424E-0001  2.8032560318814870E-0001 -1.0976666653056188E-0002  1.2260776539666063E-0002
-2.4441726859583424E-0001  2.8032560318814870E-0001 -2.5422507319104781E-0001  2.7056589848391410E-0001 -9.7597047042345952E-0003  9.8078045952135762E-0003
-2.5422507319104781E-0001  2.7056589848391410E-0001 -2.6525885336066335E-0001  2.5958623069165010E-0001 -1.0979667792264003E-0002  1.1033780169615537E-0002
-2.6525885336066335E-0001  2.5958623069165010E-0001 -2.7874662627038005E-0001  2.4861256517780195E-0001 -1.0973665513848152E-0002  1.3487772909716700E-0002
-2.7874662627038005E-0001  2.4861256517780195E-0001 -2.8978142723564448E-0001  2.3885586161277528E-0001 -9.7567035650266698E-0003  1.1034800965264435E-0002
-2.8978142723564448E-0001  2.3885586161277528E-0001 -3.0449517571976281E-0001  2.2666223301089783E-0001 -1.2193628601877449E-0002  1.4713748484118327E-0002
-3.0449517571976281E-0001  2.2666223301089783E-0001 -3.1552691429808044E-0001  2.1323663676415927E-0001 -1.3425596246738558E-0002  1.1031738578317629E-0002
-3.1552691429808044E-0001  2.1323663676415927E-0001 -3.2656375685464267E-0001  2.0592586165360716E-0001 -7.3107751105521146E-0003  1.1036842556562232E-0002
-3.2656375685464267E-0001  2.0592586165360716E-0001 -3.3637054065420746E-0001  1.9494319272213512E-0001 -1.0982668931472039E-0002  9.8067837995647889E-0003
-3.3637054065420746E-0001  1.9494319272213512E-0001 -3.4862927560257539E-0001  1.8152059761460460E-0001 -1.3422595107530522E-0002  1.2258734948367933E-0002
-3.4862927560257539E-0001  1.8152059761460460E-0001 -3.6335629443013062E-0001  1.8522550396681181E-0001  3.7049063522072156E-0003  1.4727018827555227E-0002
-3.6335629443013062E-0001  1.8522550396681181E-0001 -3.5846055849771530E-0001  1.9988907013682733E-0001  1.4663566170015518E-0002 -4.8957359324153238E-0003
-3.5846055849771530E-0001  1.9988907013682733E-0001 -3.4497380638364750E-0001  2.1208569987791270E-0001  1.2196629741085374E-0002 -1.3486752114067802E-0002
-3.4497380638364750E-0001  2.1208569987791270E-0001 -3.3517110576667863E-0001  2.2796022571833374E-0001  1.5874525840421039E-0002 -9.8027006169688624E-0003
-3.3517110576667863E-0001  2.2796022571833374E-0001 -3.2414038798401024E-0001  2.4260878619230952E-0001  1.4648560473975780E-0002 -1.1030717782668398E-0002
-3.2414038798401024E-0001  2.4260878619230952E-0001 -3.1556264214579410E-0001  2.5604038471746393E-0001  1.3431598525154409E-0002 -8.5777458382161331E-0003
-3.1556264214579410E-0001  2.5604038471746393E-0001 -3.0453396595442339E-0001  2.7313487364591449E-0001  1.7094488928450557E-0002 -1.1028676191370712E-0002
-3.0453396595442339E-0001  2.7313487364591449E-0001 -2.9473126533745453E-0001  2.8900939948633542E-0001  1.5874525840420928E-0002 -9.8027006169688624E-0003
-2.9473126533745453E-0001  2.8900939948633542E-0001 -2.8124859640598254E-0001  3.0609788613636990E-0001  1.7088486650034485E-0002 -1.3482668931471986E-0002
-2.8124859640598254E-0001  3.0609788613636990E-0001 -2.6776388588321265E-0001  3.2074044433192994E-0001  1.4642558195560040E-0002 -1.3484710522769894E-0002
-2.6776388588321265E-0001  3.2074044433192994E-0001 -2.5304707501214740E-0001  3.2926518025209539E-0001  8.5247359201654493E-0003 -1.4716810871065245E-0002
-2.5304707501214740E-0001  3.2926518025209539E-0001 -2.3956338528502652E-0001  3.4513070267489265E-0001  1.5865522422797262E-0002 -1.3483689727120884E-0002
-2.3956338528502652E-0001  3.4513070267489265E-0001 -2.2607765396660773E-0001  3.5855029664321547E-0001  1.3419593968322818E-0002 -1.3485731318418792E-0002
-2.2607765396660773E-0001  3.5855029664321547E-0001 -2.0768393716798617E-0001  3.7195788605470614E-0001  1.3407589411490672E-0002 -1.8393716798621562E-0002
-2.0768393716798617E-0001  3.7195788605470614E-0001 -1.9420024744086517E-0001  3.8782340847750341E-0001  1.5865522422797262E-0002 -1.3483689727120995E-0002
-1.9420024744086517E-0001  3.8782340847750341E-0001 -1.7580346825529680E-0001  3.9756210520728263E-0001  9.7386967297792282E-0003 -1.8396779185568368E-0002
-1.7580346825529680E-0001  3.9756210520728263E-0001 -1.6108665738423156E-0001  4.0608684112744808E-0001  8.5247359201654493E-0003 -1.4716810871065245E-0002
-1.6108665738423156E-0001  4.0608684112744808E-0001 -1.4391687456871372E-0001  4.1582853899643513E-0001  9.7416978689870426E-0003 -1.7169782815517842E-0002
-1.4391687456871372E-0001  4.1582853899643513E-0001 -1.3287901121650247E-0001  4.2191634987975002E-0001  6.0878108833148925E-0003 -1.1037863352211241E-0002
-1.3287901121650247E-0001  4.2191634987975002E-0001 -1.1693928715798230E-0001  4.3532994156965676E-0001  1.3413591689906745E-0002 -1.5939724058520177E-0002
-1.1693928715798230E-0001  4.3532994156965676E-0001 -9.9765421159868750E-0002  4.4017978252969470E-0001  4.8498409600379322E-0003 -1.7173865998113547E-0002
-9.9765421159868750E-0002  4.4017978252969470E-0001 -8.2596659139999917E-0002  4.5114444462591896E-0001  1.0964662096224265E-0002 -1.7168762019868833E-0002
-8.2596659139999917E-0002  4.5114444462591896E-0001 -6.4199879954431660E-0002  4.6088314135569797E-0001  9.7386967297790061E-0003 -1.8396779185568257E-0002
-6.4199879954431660E-0002  4.6088314135569797E-0001 -4.7027034751967012E-0002  4.6695594654297334E-0001  6.0728051872753763E-0003 -1.7172845202464648E-0002
-4.7027034751967012E-0002  4.6695594654297334E-0001 -2.8628213975100625E-0002  4.7424871481827768E-0001  7.2927682753043399E-0003 -1.8398820776866387E-0002
-2.8628213975100625E-0002  4.7424871481827768E-0001 -1.3907319921439565E-0002  4.7788159382949424E-0001  3.6328790112165610E-0003 -1.4720894053661060E-0002
-1.3907319921439565E-0002  4.7788159382949424E-0001  6.9454935955282071E-0003  4.8516835982638273E-0001  7.2867659968884890E-0003 -2.0852813516967772E-0002
 6.9454935955282071E-0003  4.8516835982638273E-0001  2.4119359593641754E-0002  4.9001820078642067E-0001  4.8498409600379322E-0003 -1.7173865998113547E-0002
 2.4119359593641754E-0002  4.9001820078642067E-0001  3.8839232851654026E-0002  4.9487404402487445E-0001  4.8558432384537831E-0003 -1.4719873258012273E-0002
 3.8839232851654026E-0002  4.9487404402487445E-0001  5.8467091589868847E-0002  4.9971788270649653E-0001  4.8438386816220813E-0003 -1.9627858738214821E-0002
 5.8467091589868847E-0002  4.9971788270649653E-0001  7.4414982013580655E-0002  5.0334776057850505E-0001  3.6298778720085245E-0003 -1.5947890423711808E-0002
 7.4414982013580655E-0002  5.0334776057850505E-0001  9.6499895878843889E-0002  5.0451670429999940E-0001  1.1689437214943421E-0003 -2.2084913865263234E-0002
 9.6499895878843889E-0002  5.0451670429999940E-0001  1.1122078993250506E-0001  5.0814958331121574E-0001  3.6328790112163389E-0003 -1.4720894053661171E-0002
 1.1122078993250506E-0001  5.0814958331121574E-0001  1.2962573548326506E-0001  5.0810456622309674E-0001 -4.5017088118992632E-0005 -1.8404945550759999E-0002
 1.2962573548326506E-0001  5.0810456622309674E-0001  1.5661761403308194E-0001  5.1048446961499638E-0001  2.3799033918996404E-0003 -2.6991878549816883E-0002
 1.5661761403308194E-0001  5.1048446961499638E-0001  1.7747451073264542E-0001  5.1287937870293598E-0001  2.3949090879396007E-0003 -2.0856896699563476E-0002
 1.7747451073264542E-0001  5.1287937870293598E-0001  1.9833344902350691E-0001  5.1282835933640092E-0001 -5.1019366535065558E-0005 -2.0858938290861495E-0002
 1.9833344902350691E-0001  5.1282835933640092E-0001  2.1060239192836472E-0001  5.1402131217155866E-0001  1.1929528351577456E-0003 -1.2268942904857805E-0002
 2.1060239192836472E-0001  5.1402131217155866E-0001  2.2164535925882078E-0001  5.1399430191868722E-0001 -2.7010252871439988E-0005 -1.1042967330456066E-0002
 2.2164535925882078E-0001  5.1399430191868722E-0001  2.3759733286512841E-0001  5.1273232288174664E-0001 -1.2619790369405859E-0003 -1.5951973606307623E-0002
 2.3759733286512841E-0001  5.1273232288174664E-0001  2.5845627115598990E-0001  5.1268130351521157E-0001 -5.1019366535065558E-0005 -2.0858938290861495E-0002
 2.5845627115598990E-0001  5.1268130351521157E-0001  2.7686121670674990E-0001  5.1263628642709236E-0001 -4.5017088119214677E-0005 -1.8404945550759999E-0002
 2.7686121670674990E-0001  5.1263628642709236E-0001  2.9894817216331104E-0001  5.1135930169411226E-0001 -1.2769847329801021E-0003 -2.2086955456561141E-0002
 2.9894817216331104E-0001  5.1135930169411226E-0001  3.1613326691356314E-0001  5.0275653615454008E-0001 -8.6027655395721769E-0003 -1.7185094750252095E-0002
 3.1613326691356314E-0001  5.0275653615454008E-0001  3.2228253990290190E-0001  4.8562003127717834E-0001 -1.7136504877361736E-0002 -6.1492729893387610E-0003
         143
 4.9114561854091554E-0001 -4.3079133099503086E-0001  4.7641859971336054E-0001 -4.2708642464282365E-0001  3.7049063522072156E-0003  1.4727018827555005E-0002
 4.7641859971336054E-0001 -4.2708642464282365E-0001  4.6046866769835082E-0001 -4.2827037406035795E-0001 -1.1839494175343024E-0003  1.5949932015009716E-0002
 4.6046866769835082E-0001 -4.2827037406035795E-0001  4.4206372214759071E-0001 -4.2822535697223874E-0001  4.5017088119214677E-0005  1.8404945550760110E-0002
 4.4206372214759071E-0001 -4.2822535697223874E-0001  4.2488679376253025E-0001 -4.2940630525056478E-0001 -1.1809482783260439E-0003  1.7176928385060464E-0002
 4.2488679376253025E-0001 -4.2940630525056478E-0001  4.1016079573062425E-0001 -4.2692436312559479E-0001  2.4819421249699936E-0003  1.4725998031905996E-0002
 4.1016079573062425E-0001 -4.2692436312559479E-0001  3.9789083203011755E-0001 -4.2689435173351531E-0001  3.0011392079476451E-0005  1.2269963700506703E-0002
 3.9789083203011755E-0001 -4.2689435173351531E-0001  3.8194090001510783E-0001 -4.2807830115104939E-0001 -1.1839494175340803E-0003  1.5949932015009716E-0002
 3.8194090001510783E-0001 -4.2807830115104939E-0001  3.6844291914890137E-0001 -4.2682232439252465E-0001  1.2559767585247350E-0003  1.3497980866206460E-0002
 3.6844291914890137E-0001 -4.2682232439252465E-0001  3.5617295544839478E-0001 -4.2679231300044518E-0001  3.0011392079476451E-0005  1.2269963700506592E-0002
 3.5617295544839478E-0001 -4.2679231300044518E-0001  3.4144797821213768E-0001 -4.2553333510271263E-0001  1.2589778977325494E-0003  1.4724977236257097E-0002
 3.4144797821213768E-0001 -4.2553333510271263E-0001  3.2549804619712797E-0001 -4.2671728452024649E-0001 -1.1839494175338583E-0003  1.5949932015009716E-0002
 3.2549804619712797E-0001 -4.2671728452024649E-0001  3.1199904453527261E-0001 -4.2423834353448453E-0001  2.4789409857619571E-0003  1.3499001661855359E-0002
 3.1199904453527261E-0001 -4.2423834353448453E-0001  2.9850310526036417E-0001 -4.2542829523043446E-0001 -1.1899516959499312E-0003  1.3495939274908442E-0002
 2.9850310526036417E-0001 -4.2542829523043446E-0001  2.8746013792990810E-0001 -4.2540128497756302E-0001  2.7010252871439988E-0005  1.1042967330456066E-0002
 2.8746013792990810E-0001 -4.2540128497756302E-0001  2.7273618148930012E-0001 -4.2536527130706769E-0001  3.6013670495327332E-0005  1.4723956440607977E-0002
 2.7273618148930012E-0001 -4.2536527130706769E-0001  2.6292123132454359E-0001 -4.2656422642064151E-0001 -1.1989551135738186E-0003  9.8149501647565307E-0003
 2.6292123132454359E-0001 -4.2656422642064151E-0001  2.4942427125398625E-0001 -4.2653121388935400E-0001  3.3012531287512914E-0005  1.3496960070557340E-0002
 2.4942427125398625E-0001 -4.2653121388935400E-0001  2.3470235640467618E-0001 -4.2894112867333334E-0001 -2.4099147839793389E-0003  1.4721914849310069E-0002
 2.3470235640467618E-0001 -4.2894112867333334E-0001  2.1997635837277008E-0001 -4.2645918654836334E-0001  2.4819421249699936E-0003  1.4725998031906107E-0002
 2.1997635837277008E-0001 -4.2645918654836334E-0001  2.0402642635776036E-0001 -4.2764313596589743E-0001 -1.1839494175340803E-0003  1.5949932015009716E-0002
 2.0402642635776036E-0001 -4.2764313596589743E-0001  1.9175748345290256E-0001 -4.2883608880105539E-0001 -1.1929528351579677E-0003  1.2268942904857805E-0002
 1.9175748345290256E-0001 -4.2883608880105539E-0001  1.7457953427219319E-0001 -4.2879407285214399E-0001  4.2015948911400258E-0005  1.7177949180709362E-0002
 1.7457953427219319E-0001 -4.2879407285214399E-0001  1.6108461579293376E-0001 -4.3120698877533115E-0001 -2.4129159231871533E-0003  1.3494918479259432E-0002
 1.6108461579293376E-0001 -4.3120698877533115E-0001  1.4390768740787330E-0001 -4.3238793705365719E-0001 -1.1809482783260439E-0003  1.7176928385060464E-0002
 1.4390768740787330E-0001 -4.3238793705365719E-0001  1.2918883494550992E-0001 -4.3846674451934819E-0001 -6.0788074656910052E-0003  1.4718852462363374E-0002
 1.2918883494550992E-0001 -4.3846674451934819E-0001  1.1446589930055084E-0001 -4.3965369507609031E-0001 -1.1869505567421168E-0003  1.4722935644959079E-0002
 1.1446589930055084E-0001 -4.3965369507609031E-0001  9.7293054098086307E-0002 -4.4572650026336547E-0001 -6.0728051872751543E-0003  1.7172845202464537E-0002
 9.7293054098086307E-0002 -4.4572650026336547E-0001  8.5025131988877511E-0002 -4.4814241732576066E-0001 -2.4159170623951898E-0003  1.2267922109208795E-0002
 8.5025131988877511E-0002 -4.4814241732576066E-0001  7.2758230675317614E-0002 -4.5178129861539307E-0001 -3.6388812896324119E-0003  1.2266901313559897E-0002
 7.2758230675317614E-0002 -4.5178129861539307E-0001  5.8037336621656443E-0002 -4.5541417762660941E-0001 -3.6328790112163389E-0003  1.4720894053661171E-0002
 5.8037336621656443E-0002 -4.5541417762660941E-0001  4.3314400976697365E-0002 -4.5660112818335130E-0001 -1.1869505567418948E-0003  1.4722935644959079E-0002
 4.3314400976697365E-0002 -4.5660112818335130E-0001  3.1050562050084274E-0002 -4.6390890215469560E-0001 -7.3077739713443002E-0003  1.2263838926613091E-0002
 3.1050562050084274E-0002 -4.6390890215469560E-0001  2.0010657106575236E-0002 -4.6755078458353605E-0001 -3.6418824288404483E-0003  1.1039904943509038E-0002
 2.0010657106575236E-0002 -4.6755078458353605E-0001  6.5167594229647019E-0003 -4.7118666473396020E-0001 -3.6358801504241534E-0003  1.3493897683610534E-0002
 6.5167594229647019E-0003 -4.7118666473396020E-0001 -9.4270478181514017E-0003 -4.7970839951491806E-0001 -8.5217347809578570E-0003  1.5943807241116104E-0002
-9.4270478181514017E-0003 -4.7970839951491806E-0001 -2.1693949131711188E-0002 -4.8334728080455025E-0001 -3.6388812896321898E-0003  1.2266901313559786E-0002
-2.1693949131711188E-0002 -4.8334728080455025E-0001 -3.3960850445270974E-0002 -4.8698616209418288E-0001 -3.6388812896326339E-0003  1.2266901313559786E-0002
-3.3960850445270974E-0002 -4.8698616209418288E-0001 -4.3769675836133559E-0002 -4.9552290257118004E-0001 -8.5367404769971511E-0003  9.8088253908625855E-0003
-4.3769675836133559E-0002 -4.9552290257118004E-0001 -5.8487507502847924E-0002 -5.0282467426410848E-0001 -7.3017716929284493E-0003  1.4717831666714365E-0002
-5.8487507502847924E-0002 -5.0282467426410848E-0001 -7.0750325633811895E-0002 -5.1135541246269001E-0001 -8.5307381985815223E-0003  1.2262818130963971E-0002
-7.0750325633811895E-0002 -5.1135541246269001E-0001 -7.9332154654623954E-0002 -5.1989515407889542E-0001 -8.5397416162054096E-0003  8.5818290208120596E-0003
-7.9332154654623954E-0002 -5.1989515407889542E-0001 -8.9139959249837641E-0002 -5.2965485878313001E-0001 -9.7597047042345952E-0003  9.8078045952136872E-0003
-8.9139959249837641E-0002 -5.2965485878313001E-0001 -1.0262875295520335E-0001 -5.3940556006974072E-0001 -9.7507012866107079E-0003  1.3488793705365709E-0002
-1.0262875295520335E-0001 -5.3940556006974072E-0001 -1.0753061366151229E-0001 -5.4673134087633279E-0001 -7.3257808065920749E-0003  4.9018607063089359E-0003
-1.0753061366151229E-0001 -5.4673134087633279E-0001 -1.1856439383112771E-0001 -5.5771100866859680E-0001 -1.0979667792264003E-0002  1.1033780169615426E-0002
-1.1856439383112771E-0001 -5.5771100866859680E-0001 -1.2591514329929310E-0001 -5.7114560833295913E-0001 -1.3434599664362334E-0002  7.3507494681653851E-0003
-1.2591514329929310E-0001 -5.7114560833295913E-0001 -1.4062889178341165E-0001 -5.8333923693483647E-0001 -1.2193628601877338E-0002  1.4713748484118550E-0002
-1.4062889178341165E-0001 -5.8333923693483647E-0001 -1.5534059867623207E-0001 -5.9797879399118847E-0001 -1.4639557056352004E-0002  1.4711706892820420E-0002
-1.5534059867623207E-0001 -5.9797879399118847E-0001 -1.6760545839849406E-0001 -6.0406360373529555E-0001 -6.0848097441070781E-0003  1.2264859722261989E-0002
-1.6760545839849406E-0001 -6.0406360373529555E-0001 -1.7496029104925526E-0001 -6.1260634649070900E-0001 -8.5427427554134461E-0003  7.3548326507612005E-0003
-1.7496029104925526E-0001 -6.1260634649070900E-0001 -1.8476605405317115E-0001 -6.2481197964941804E-0001 -1.2205633158709039E-0002  9.8057630039158905E-0003
-1.8476605405317115E-0001 -6.2481197964941804E-0001 -1.9825382696288796E-0001 -6.3578564516326641E-0001 -1.0973665513848374E-0002  1.3487772909716811E-0002
-1.9825382696288796E-0001 -6.3578564516326641E-0001 -2.1051460350255402E-0001 -6.4676231181632216E-0001 -1.0976666653055744E-0002  1.2260776539666063E-0002
-2.1051460350255402E-0001 -6.4676231181632216E-0001 -2.2277435924657096E-0001 -6.5896194269661557E-0001 -1.2199630880293411E-0002  1.2259755744016942E-0002
-2.2277435924657096E-0001 -6.5896194269661557E-0001 -2.3135516747173412E-0001 -6.6872464854005820E-0001 -9.7627058434426317E-0003  8.5808082251631612E-0003
-2.3135516747173412E-0001 -6.6872464854005820E-0001 -2.4239098923264746E-0001 -6.7725838787784776E-0001 -8.5337393377895587E-0003  1.1035821760913334E-0002
-2.4239098923264746E-0001 -6.7725838787784776E-0001 -2.5097281825345941E-0001 -6.8579812949405272E-0001 -8.5397416162049655E-0003  8.5818290208119485E-0003
-2.5097281825345941E-0001 -6.8579812949405272E-0001 -2.6323767797572128E-0001 -6.9188293923816002E-0001 -6.0848097441073001E-0003  1.2264859722261878E-0002
-2.6323767797572128E-0001 -6.9188293923816002E-0001 -2.7304650336658387E-0001 -7.0041967971515717E-0001 -8.5367404769971511E-0003  9.8088253908625855E-0003
-2.7304650336658387E-0001 -7.0041967971515717E-0001 -2.8285328716614866E-0001 -7.1140234864662921E-0001 -1.0982668931472039E-0002  9.8067837995647889E-0003
-2.8285328716614866E-0001 -7.1140234864662921E-0001 -2.9634310166716338E-0001 -7.1993008570600270E-0001 -8.5277370593734858E-0003  1.3489814501014719E-0002
-2.9634310166716338E-0001 -7.1993008570600270E-0001 -3.1228895049957728E-0001 -7.2600589203248589E-0001 -6.0758063264831907E-0003  1.5945848832413900E-0002
-3.1228895049957728E-0001 -7.2600589203248589E-0001 -3.3069083366339058E-0001 -7.2962976762607834E-0001 -3.6238755935924516E-0003  1.8401883163813304E-0002
-3.3069083366339058E-0001 -7.2962976762607834E-0001 -3.4541581089964757E-0001 -7.2837078972834579E-0001  1.2589778977325494E-0003  1.4724977236256986E-0002
-3.4541581089964757E-0001 -7.2837078972834579E-0001 -3.6135961814076356E-0001 -7.3689252450930365E-0001 -8.5217347809578570E-0003  1.5943807241115993E-0002
-3.6135961814076356E-0001 -7.3689252450930365E-0001 -3.8466948678477941E-0001 -7.4050439554606462E-0001 -3.6118710367609719E-0003  2.3309868644015852E-0002
-3.8466948678477941E-0001 -7.4050439554606462E-0001 -4.0798139702009328E-0001 -7.4167033812835093E-0001 -1.1659425822863057E-0003  2.3311910235313871E-0002
-4.0798139702009328E-0001 -7.4167033812835093E-0001 -4.3006937327230332E-0001 -7.3917038916813316E-0001  2.4999489602177682E-0003  2.2087976252210040E-0002
-4.3006937327230332E-0001 -7.3917038916813316E-0001 -4.5092729076751570E-0001 -7.4034233402883554E-0001 -1.1719448607023786E-0003  2.0857917495212375E-0002
-4.5092729076751570E-0001 -7.4034233402883554E-0001 -4.7546517657723120E-0001 -7.4272823969915103E-0001 -2.3859056703154913E-0003  2.4537885809715498E-0002
-4.7546517657723120E-0001 -7.4272823969915103E-0001 -5.0736606140289964E-0001 -7.4387317430698174E-0001 -1.1449346078307165E-0003  3.1900884825668441E-0002
-5.0736606140289964E-0001 -7.4387317430698174E-0001 -5.0832356772162468E-0001  4.0326727084158454E-0001  1.1471404451485663E+0000  9.5750631872504322E-0004
-5.0832356772162468E-0001  4.0326727084158454E-0001 -4.9482660765106734E-0001  4.0323425831029724E-0001 -3.3012531287290869E-0005 -1.3496960070557340E-0002
-4.9482660765106734E-0001  4.0323425831029724E-0001 -4.8133168917180791E-0001  4.0564717423348440E-0001  2.4129159231871533E-0003 -1.3494918479259432E-0002
-4.8133168917180791E-0001  4.0564717423348440E-0001 -4.6783574989689958E-0001  4.0683712592943411E-0001  1.1899516959497092E-0003 -1.3495939274908331E-0002
-4.6783574989689958E-0001  4.0683712592943411E-0001 -4.5311281425194039E-0001  4.0802407648617622E-0001  1.1869505567421168E-0003 -1.4722935644959190E-0002
-4.5311281425194039E-0001  4.0802407648617622E-0001 -4.3961279179443624E-0001  4.0432217127317704E-0001 -3.7019052129991792E-0003 -1.3500022457504146E-0002
-4.3961279179443624E-0001  4.0432217127317704E-0001 -4.2243586340937567E-0001  4.0550311955150309E-0001  1.1809482783260439E-0003 -1.7176928385060575E-0002
-4.2243586340937567E-0001  4.0550311955150309E-0001 -4.0893890333881833E-0001  4.0547010702021558E-0001 -3.3012531287512914E-0005 -1.3496960070557340E-0002
-4.0893890333881833E-0001  4.0547010702021558E-0001 -3.9176095415810885E-0001  4.0542809107130440E-0001 -4.2015948911178214E-0005 -1.7177949180709473E-0002
-3.9176095415810885E-0001  4.0542809107130440E-0001 -3.7949099045760204E-0001  4.0539807967922492E-0001 -3.0011392079476451E-0005 -1.2269963700506814E-0002
-3.7949099045760204E-0001  4.0539807967922492E-0001 -3.6476703401699406E-0001  4.0536206600872959E-0001 -3.6013670495327332E-0005 -1.4723956440607977E-0002
-3.6476703401699406E-0001  4.0536206600872959E-0001 -3.4391319970437750E-0001  4.1142586777838108E-0001  6.0638017696514890E-0003 -2.0853834312616559E-0002
-3.4391319970437750E-0001  4.1142586777838108E-0001 -3.3042134361206499E-0001  4.1750767638327990E-0001  6.0818086048988196E-0003 -1.3491856092312515E-0002
-3.3042134361206499E-0001  4.1750767638327990E-0001 -3.1815240070720696E-0001  4.1870062921843787E-0001  1.1929528351579677E-0003 -1.2268942904858027E-0002
-3.1815240070720696E-0001  4.1870062921843787E-0001 -3.0588856178059420E-0001  4.2600840318978195E-0001  7.3077739713440781E-0003 -1.2263838926612758E-0002
-3.0588856178059420E-0001  4.2600840318978195E-0001 -2.9362472285398122E-0001  4.3331617716112625E-0001  7.3077739713443002E-0003 -1.2263838926612980E-0002
-2.9362472285398122E-0001  4.3331617716112625E-0001 -2.8381487666746952E-0001  4.4062995341088640E-0001  7.3137762497601511E-0003 -9.8098461865117059E-0003
-2.8381487666746952E-0001  4.4062995341088640E-0001 -2.7277701331525839E-0001  4.4671776429420129E-0001  6.0878108833148925E-0003 -1.1037863352211130E-0002
-2.7277701331525839E-0001  4.4671776429420129E-0001 -2.6051419518429431E-0001  4.5524850249278281E-0001  8.5307381985815223E-0003 -1.2262818130964082E-0002
-2.6051419518429431E-0001  4.5524850249278281E-0001 -2.4947735262773207E-0001  4.6255927760333493E-0001  7.3107751105521146E-0003 -1.1036842556562232E-0002
-2.4947735262773207E-0001  4.6255927760333493E-0001 -2.3598651733106846E-0001  4.6986405043547119E-0001  7.3047728321362637E-0003 -1.3490835296663617E-0002
-2.3598651733106846E-0001  4.6986405043547119E-0001 -2.2372880317834920E-0001  4.8450960977023905E-0001  1.4645559334767855E-0002 -1.2257714152719257E-0002
-2.2372880317834920E-0001  4.8450960977023905E-0001 -2.1269502300873389E-0001  4.9548927756250305E-0001  1.0979667792264003E-0002 -1.1033780169615315E-0002
-2.1269502300873389E-0001  4.9548927756250305E-0001 -2.0288517682222218E-0001  5.0280305381226320E-0001  7.3137762497601511E-0003 -9.8098461865117059E-0003
-2.0288517682222218E-0001  5.0280305381226320E-0001 -1.9185139665260686E-0001  5.1378272160452720E-0001  1.0979667792264003E-0002 -1.1033780169615315E-0002
-1.9185139665260686E-0001  5.1378272160452720E-0001 -1.8081659568734254E-0001  5.2353942516955398E-0001  9.7567035650267808E-0003 -1.1034800965264324E-0002
-1.8081659568734254E-0001  5.2353942516955398E-0001 -1.6733188516457254E-0001  5.3818198336511380E-0001  1.4642558195559818E-0002 -1.3484710522770005E-0002
-1.6733188516457254E-0001  5.3818198336511380E-0001 -1.5752305977370995E-0001  5.4671872384211118E-0001  8.5367404769973732E-0003 -9.8088253908625855E-0003
-1.5752305977370995E-0001  5.4671872384211118E-0001 -1.4649030039974353E-0001  5.5892135586161240E-0001  1.2202632019501225E-0002 -1.1032759373966416E-0002
-1.4649030039974353E-0001  5.5892135586161240E-0001 -1.3545549943447910E-0001  5.6867805942663918E-0001  9.7567035650267808E-0003 -1.1034800965264435E-0002
-1.3545549943447910E-0001  5.6867805942663918E-0001 -1.2442171926486367E-0001  5.7965772721890318E-0001  1.0979667792264003E-0002 -1.1033780169615426E-0002
-1.2442171926486367E-0001  5.7965772721890318E-0001 -1.1461799785224591E-0001  5.9430928883208711E-0001  1.4651561613183928E-0002 -9.8037214126177608E-0003
-1.1461799785224591E-0001  5.9430928883208711E-0001 -1.0358217609133258E-0001  6.0284302816987645E-0001  8.5337393377893367E-0003 -1.1035821760913334E-0002
-1.0358217609133258E-0001  6.0284302816987645E-0001 -9.2547375126068143E-0002  6.1259973173490323E-0001  9.7567035650267808E-0003 -1.1034800965264435E-0002
-9.2547375126068143E-0002  6.1259973173490323E-0001 -8.3968608492203112E-0002  6.2480836603282031E-0001  1.2208634297917076E-0002 -8.5787666338650315E-0003
-8.3968608492203112E-0002  6.2480836603282031E-0001 -7.0479814786837403E-0002  6.3455906731943124E-0001  9.7507012866109299E-0003 -1.3488793705365709E-0002
-7.0479814786837403E-0002  6.3455906731943124E-0001 -5.5764024711420945E-0002  6.4430676746683413E-0001  9.7477001474028935E-0003 -1.4715790075416457E-0002
-5.5764024711420945E-0002  6.4430676746683413E-0001 -4.1052317818600526E-0002  6.5894632452318613E-0001  1.4639557056352004E-0002 -1.4711706892820420E-0002
-4.1052317818600526E-0002  6.5894632452318613E-0001 -2.8786437300689527E-0002  6.6380817004005577E-0001  4.8618455168696340E-0003 -1.2265880517910999E-0002
-2.8786437300689527E-0002  6.6380817004005577E-0001 -1.0388637319472260E-0002  6.7232390254259755E-0001  8.5157325025417840E-0003 -1.8397799981217267E-0002
-1.0388637319472260E-0002  6.7232390254259755E-0001  6.5126762403688865E-0004  6.7596578497143778E-0001  3.6418824288402263E-0003 -1.1039904943509149E-0002
 6.5126762403688865E-0004  6.7596578497143778E-0001  1.5372161677698060E-0002  6.7959866398265434E-0001  3.6328790112165610E-0003 -1.4720894053661171E-0002
 1.5372161677698060E-0002  6.7959866398265434E-0001  3.1316989714463173E-0002  6.8689743453637475E-0001  7.2987705537204128E-0003 -1.5944828036765113E-0002
 3.1316989714463173E-0002  6.8689743453637475E-0001  4.6035842176826325E-0002  6.9297624200206576E-0001  6.0788074656910052E-0003 -1.4718852462363152E-0002
 4.6035842176826325E-0002  6.9297624200206576E-0001  5.9528719064787960E-0002  6.9783508637972758E-0001  4.8588443776618195E-0003 -1.3492876887961636E-0002
 5.9528719064787960E-0002  6.9783508637972758E-0001  7.7931623024250052E-0002  7.0023599774608281E-0001  2.4009113663552295E-0003 -1.8402903959462091E-0002
 7.7931623024250052E-0002  7.0023599774608281E-0001  9.7557440171167187E-0002  7.0752576488217955E-0001  7.2897671360967475E-0003 -1.9625817146917135E-0002
 9.7557440171167187E-0002  7.0752576488217955E-0001  1.0982536228037576E-0001  7.0994168194457452E-0001  2.4159170623949677E-0003 -1.2267922109208573E-0002
 1.0982536228037576E-0001  7.0994168194457452E-0001  1.2945628340553772E-0001  7.1111662794448471E-0001  1.1749459999101930E-0003 -1.9630921125161960E-0002
 1.2945628340553772E-0001  7.1111662794448471E-0001  1.5153915567950293E-0001  7.1473150012045350E-0001  3.6148721759687863E-0003 -2.2082872273965215E-0002
 1.5153915567950293E-0001  7.1473150012045350E-0001  1.6994103884331602E-0001  7.1835537571404617E-0001  3.6238755935926736E-0003 -1.8401883163813082E-0002
 1.6994103884331602E-0001  7.1835537571404617E-0001  1.8466499528392410E-0001  7.1831936204355085E-0001 -3.6013670495327332E-0005 -1.4723956440608088E-0002
 1.8466499528392410E-0001  7.1831936204355085E-0001  1.9816195535448156E-0001  7.1828634951226356E-0001 -3.3012531287290869E-0005 -1.3496960070557451E-0002
 1.9816195535448156E-0001  7.1828634951226356E-0001  2.1043191905498826E-0001  7.1825633812018408E-0001 -3.0011392079476451E-0005 -1.2269963700506703E-0002
 2.1043191905498826E-0001  7.1825633812018408E-0001  2.2270188275549496E-0001  7.1822632672810460E-0001 -3.0011392079476451E-0005 -1.2269963700506703E-0002
 2.2270188275549496E-0001  7.1822632672810460E-0001  2.4110376591930827E-0001  7.2185020232169728E-0001  3.6238755935926736E-0003 -1.8401883163813304E-0002
 2.4110376591930827E-0001  7.2185020232169728E-0001  2.6318970058022029E-0001  7.2179618181595440E-0001 -5.4020505742879976E-0005 -2.2085934660912021E-0002
 2.6318970058022029E-0001  7.2179618181595440E-0001  2.8405170125802859E-0001  7.1807626976770744E-0001 -3.7199120482469539E-0003 -2.0862000677808301E-0002
 2.8405170125802859E-0001  7.1807626976770744E-0001  2.9877565769863668E-0001  7.1804025609721212E-0001 -3.6013670495327332E-0005 -1.4723956440608088E-0002
 2.9877565769863668E-0001  7.1804025609721212E-0001  3.1104562139914338E-0001  7.1801024470513264E-0001 -3.0011392079476451E-0005 -1.2269963700506703E-0002
 3.1104562139914338E-0001  7.1801024470513264E-0001  3.2699657420980210E-0001  7.1797122989542927E-0001 -3.9014809703363795E-0005 -1.5950952810658725E-0002
 3.2699657420980210E-0001  7.1797122989542927E-0001  3.4662443294801704E-0001  7.2281506857705136E-0001  4.8438386816220813E-0003 -1.9627858738214932E-0002
 3.4662443294801704E-0001  7.2281506857705136E-0001  3.6012037222292548E-0001  7.2400502027300129E-0001  1.1899516959499312E-0003 -1.3495939274908442E-0002
 3.6012037222292548E-0001  7.2400502027300129E-0001  3.7975231414373622E-0001  7.2395700204567426E-0001 -4.8018227327029095E-0005 -1.9631941920810747E-0002
 3.7975231414373622E-0001  7.2395700204567426E-0001  4.0797425145055066E-0001  7.2266501161665420E-0001 -1.2919904290200623E-0003 -2.8221937306814437E-0002
 4.0797425145055066E-0001  7.2266501161665420E-0001  4.2760619337136141E-0001  7.2261699338932717E-0001 -4.8018227327029095E-0005 -1.9631941920810747E-0002
 4.2760619337136141E-0001  7.2261699338932717E-0001  4.4478618414336868E-0001  7.2012904898594132E-0001 -2.4879444033858444E-0003 -1.7179990772007270E-0002
 4.4478618414336868E-0001  7.2012904898594132E-0001  4.6441812606417943E-0001  7.2008103075861407E-0001 -4.8018227327251140E-0005 -1.9631941920810747E-0002
 4.6441812606417943E-0001  7.2008103075861407E-0001  4.8772901550384429E-0001  7.2246993756813782E-0001  2.3889068095237498E-0003 -2.3310889439664861E-0002
 4.8772901550384429E-0001  7.2246993756813782E-0001  4.9754498646424972E-0001  7.2244592845447420E-0001 -2.4009113663625570E-0005 -9.8159709604054290E-0003
 4.9754498646424972E-0001  7.2244592845447420E-0001  4.9972846835737650E-0001 -4.2347455360606268E-0001 -1.1459204820605369E+0000 -2.1834818931267819E-0003
 4.9972846835737650E-0001 -4.2347455360606268E-0001  4.9114561854091554E-0001 -4.3079133099503086E-0001 -7.3167773889681875E-0003  8.5828498164609579E-0003
